2
10
19
0
12
2
2
16
0
13
9
2
11
15
0
4
0
13
3
18
2
15
19
18
17
16
4
13
15
11
5
9
2
16
9
14
18
11
3
11
16
12
13
19
0
5
4
12
10
19
10
12
14
1
11
11
9
15
16
4
19
13
13
1
10
14
7
0
18
10
11
14
15
17
6
15
14
2
7
5
1
9
17
15
2
0
18
12
8
14
8
7
8
14
8
10
8
15
2
6
18
14
13
13
3
19
0
17
1
19
2
14
0
12
1
2
12
19
14
0
5
15
7
5
9
7
7
9
15
10
16
13
16
1
18
19
12
18
16
5
9
11
19
9
3
0
11
7
11
18
8
8
13
7
14
2
15
1
11
10
3
19
15
19
0
13
18
4
3
7
9
12
10
8
13
5
0
4
12
11
2
12
0
7
0
6
9
15
19
13
17
3
4
12
14
17
17
5
1
0
4
11
4
14
11
17
11
4
13
3
15
8
16
7
15
16
13
17
3
5
10
12
0
14
4
14
11
1
19
5
13
15
16
17
9
19
6
0
3
19
16
11
19
4
18
15
12
4
12
7
1
14
19
1
8
3
7
12
16
19
17
9
14
5
18
16
16
4
16
0
15
4
3
15
8
13
2
12
17
14
19
10
8
18
11
8
13
11
12
9
10
1
10
4
6
0
0
3
16
9
15
12
5
18
19
6
11
1
18
1
7
18
11
7
8
15
7
14
6
0
15
8
1
6
12
0
18
5
15
15
14
2
7
19
0
18
5
3
11
16
16
18
6
0
5
14
15
12
0
13
4
16
1
18
2
5
10
0
10
5
7
16
7
14
16
19
4
13
14
15
9
11
13
7
3
10
14
10
15
14
3
19
10
16
9
12
1
19
5
4
4
12
0
3
19
8
14
15
2
9
11
3
12
16
11
15
7
5
5
14
11
0
5
2
8
15
6
9
14
11
5
11
16
6
6
7
14
1
2
8
2
5
12
6
2
15
13
1
12
10
7
3
2
12
5
10
19
12
11
14
15
17
17
3
3
15
2
9
8
17
18
2
2
2
8
16
17
13
9
1
3
16
16
5
1
14
15
0
6
19
6
13
16
15
9
19
11
11
0
19
8
18
2
3
0
2
11
9
16
13
