12271283849507279828091776821413832280764737656741
76095775181430054871640119798306107694122298495093
27948237120201477610055931012144838774488728875856
05355977099457956691678958828309046733534499307086
34635335628611078533899713785568223786348321651506
01500650427129559314929456963123405560534246491555
94908469193557502439774348273944634483614989860305
29462066816472828854995914537789628856530377579356
06856993281209680165660645350140726537976296176194
87183737268667043342224107189029738303259218944298
62225206018306801943455754109105530050783515396402
76924597780755076895820986042380974525395591118990
67288241674693439694849772883089928052131700246127
72399110152163343096403616079449778601838265629128
08154234159748644955247115309519624068795869643230
78479742839125596393243839281881650524728852401030
57487990700636331580068584824321171880061046670948
14620660833344283085616284984487069048051487027526
11973735771771382064590593768149448012511880949345
01706655446953363680718827413083175931405292528006
08008202532565314828890726108499291231486852386770
75075458442556468904962515394291011558524079648750
15640915868098105912352279876479953155853854695308
63385296970671424992641499365541891523112301444055
31067950507135073206620646207752078865036841578898
75393955144685665225805411101308059445151640308842
54231642877888474045883206486034557633010020860486
16458434525862530160280410216398945000472178353561
80287319674574124250172987415053273924184553978513
62001097449972811072818559255381803112957064247645
04889304059887939250740595981531122072689669372499
48473524351762105041859743687684623275622810221935
13102759657413845714932136346829259627582245629390
79512085766950466632776124638557629839605210278034
22116652139718126414668782463007448024259242064807
59336383215409090254866498059334289027560001212259
65550650243587500975508810954442097265209870720749
39917218975397599341331259658071284915024564233187
43085691372094935217452216749516844523750181797430
29564931327587143372005032908402489874106877883333
54324646942978766608788676711046698374161368256026
01697476797375288949655439999370441400091921549555
73127419622547173183015420037694126989842028936256
87734254722674055953595775139617592919602871496983
24201272760968009305326250210054494833212328320250
88461965185832990332457850055785721047578151542777
13411913762530940346029736273156797811489653847981
70388840893350451567353002583510570374553100155221
98958993948366261109750951616947754553169115731953
84885612993390937698480649978638218892081340556415
35353965951254562584319924480555380607394531187535
99788143140605622817972293168449539463970952716928
61514465371767283812533270541720993349098187005388
75237932572791726336229090263043786601850039321977
59151075627254130150653176308073180407182817221438
71503288369222149340269333760267327667514646070104
22237666468154522129565948669833356035983919363895
74155733442785447896638941771639364049403671318019
97476805622137779383311256657748795575159562461399
95329095585962817888305029643754486405155651854835
87549937386121195268725453023572246331092704015732
53607367593237813235172314471019379027089522414739
36679945675960883153940174434949508692280996284590
00603568007495481625627599556676646014825766236619
39126232098775357507954539007390225978170147803573
26893384357472921634535106131886465025452321516899
24205469097874744990635851919024466202103011485077
03062793806240804945106212283955583952445089372788
31816158000565396140793506243258431057857025787393
68493456108694124695395863838984725090801982394066
51721379980927280108139955025602076126334336356387
31030800259491154517973446129994029229466305633186
09433014225475867282047026577359513016769226824764
16198353248735986255049429687438269094530604114969
46541959824336929094592554925510396481686239043962
61489140305720607633795207947565923848870542522215
70742721117068216816813430753032007279610518359141
72228825377807872888903286777306750632382172871059
04136916809969467710733472284797400092894081949632
81727469429393525644604415133471553319462593875631
29286337863679334420066206152474492247953233366920
05789940474330282953416741521723211307356080030527
88865400839164297561231253550921737499682610051700
02535072794101608694640762280382756455744175447428
98215947762782266915568235809080832328316704941854
30024593783892137512890051469133357716004685010783
26228832635988576838894774074916730615080678447220
11270940601989385637463460044347665871861251109874
73239930375951629559181994904662295180119806980065
27358228286928092895114375208050995839688490590791
20283247227749817215299116013938176692614510492133
67488560909402169197452567700259097063155295534645
30256045057549410361043210576121177773488432305534
85827142933345034879653108154692296113626972688385
46297271039983165211672321304170999748044952560202
36172307569260457069401146848883702953619738895791
95107765465292233062181661611750380268904425970477
80726334664169081860826297922812884730316735853932
93685857075126165460550008758279567143062774383041
11612691294199782312960825858279450841981392590924
