31652180089271441681227638955819204615733852019179413387294907827580074561983012954594433825537308327993183414822273816490955905759458069520024272555395592182877834852916119656821371022252641644042343
95681341787419652470886447882211892148516457342781881628306738139364115853799287565737587182197324737435936854523296166184313347931606399906679900717327088533328488248430217309491335055808330291047082
20404690623105653869481513986918078630892304882378218562980773590674855086786923946725933200572859437967736428934608121643811096032758623287280940774938212523449634498947667653650345188542986861423417
37303131654228213654624258485758419944102744567153737282243728661765197561020955420148673965923191630487701706448785564850565996089328010110777747203600988498096020041254342226168639627486487002228456
80024495171689073050850193379859862223952033952558545754203399397749237440956201077774395654705479613579774397716683115690290739910269146595488156689161300595689805831413253068958064326396964047740991
43975784287150316277047734155299589159707412764303019784110749819744624687873404005195636800984888260921638291613353816618908386125439524544607032535196108936851514486930522227792222134948825976344239
48172569694835176654025889243767796173332725452010742223369657647256581953411924118532090055939867415613174288799575074091695791444227557105097164661073454923299613689391890736195522867471790773031161
27244736783903797404333064407230976459227739008761394712374007295950894869781857918589937457188896895474352450343111106041781760570339776131377688919515905084151384253199226096880961752452887116663194
01783854675284729567349727570441519196573024596443309473122466539640598020671338888937469807570667718732709054853848506687356642515309679794401987967527485149312162041122782871589431189815968375779883
15155060874298208388163911611762488006096735777525534925018185645645476041738580266678499429904660237051236005343930979931054610755463888408154447446550975348514350650402418864820405615369210867823063
40621479795952007619937607859704978017107714116897090772750640049943685557988560269466733998924138418175863940968016809391105518671410099503799612414453586249029380409362653735286623292016930860821079
25453827615047967249747558888592339832513017024960835692692661896772143457479068071752111378657347761028785904911006327476443299165280380091482784536206040381397047275374442813478118723971021935674201
86736181864173502534763031875014909517815232504958336850059582973044936551911429462247445423830144839605708060928143199851155371974935607425627553064941377026123736498130692548966583710433047330189914
90545246802659965215800221032173129943556911019532222264567996331247692414517570794240618618443587368709163812103527811692638116043915051554765149040129313324030543060426894508514747708232835001518670
25963270517906180530080126404126834171325347158221431743505937513950385039756799832008550143014331682185270851755157935941463928286414033210416143846352709011831482007520861496982839001924200360780464
54380269007600639984189087003640279207428180373383913813543100139079814854881139721014488991914933035410198232404727166265378982297759760895057620458276904892223919095396813875831858551150374986817546
44772652261968699104063123299873442937155444213125852166506605140333370034485090597713665245951987436649187889068751219753458649512176207297113199510416851837780210842763595004957228006109080301307503
95265507271681844954779912180121867639388646732128717728137171459313463327190424407179285922287129667910739992654381501013234156214036001112577935288689123530183886608730919822350318322808036316278063
05403729452737187167543605605238080574639105813651305887367910910989352562066343605185822533726036961219638482942451255408900703391735828687983349664127917109660834538506216641717340043954820925578340
99187894187580149788107572455886796495824804818708510467805593484036838218812992964232115676114617293234146557743386600387900581503848274029706334114163875033285769707211101937470087594099337025006949
05145711433429571787087539518921645318671014993063761715688791885518307608217735132205986855955609659349362365890210831616322902860714842078787801084167001491899860266584552552883211131272561449695265
81328876828231555372918524489057480299971914179829112984434550298427337428155047170569024479629563426180096722759915818477449518852670690284459550151101845016813272251400867824830262368069860187432774
96174334856471051941543639986626455888564303539825292555645230875586632065338442061237993516726494057375011077275398299862456096601559172479397848679755910642404569696055284160947914628902144520601416
93654255836193472615160386302681956591306918275649175303155324631212642456205061908450778520995018494740560068270216513365576090139523772980028061612140917546550522022212516522606122114968743997499641
81446864945379610297647731939567601419804651514555229114407373056317309984235680124268600648963725477565900668792318199255273747414360880048037390302249986563226764962277272201444680609477919505022461
38860177733741938627815097231845923132826400595587380089712016501826129961940698328347510923694908532429533892827771645847126518581853906405699589965449353136085180772333104274180924071494095723793256
76830872693153867710867317469958731830209516892695893545491588362445467518190471972537096354282656394157189128446791410065686961702439148282128799830859647236528781725745958849923030114839604472566331
83863382734235306892859604469878386614007733283074570450006086034897517282733050707943975793596977820871064399562558065554013623517796813452428875671228649202775674355602865844502846631653043500937617
11589926264651989639066387663856914127763430548632750389077552263698594139104089454403500277515007856581403021988428780907679381086857907421529583371364341491502387009942026174513661295656706167167083
40502367615228496965247818608645797946607350391907542225218272763550130877026229193538151170377824058357069903814377184494541245650687303593095534244913369605182352003672182637273684110072801258560848
25864336293134467485417214824429905331050585931670333355757299391844161310913292255881376216147451868129312834089669716538164809206010171656066144035688626126246060087342060874377058140774699207407343
86984859520321728694589775859487007682647699784745413592297136058016470151349923487956175110915736386691746950418105742453467130868440526132373396882159615530818673847780917458239464535008081978453121
13200714301946419509330224877200821022474568239101257589188928922224693062805017362030140953975290869265476199847070387302699411407345084695690597647387769920062916426187666828702552421313610803775306
16497674829344659915136363228201141838210457034925558315639689893996718075770172940773456316295884488405193102616893138791611199869609348851012693129128381491599751815793004486808730760820101077250949
26991859058387205607627511311923624721847897537000784767090182746130314294147079268836545775062805939378905924850854430109726116621570672364761757390532505318992079258486873260901174344077069286421261
97829428651606067849634718920639333277263323929825090481275450683923941493717810611659898544602117421563054847029386486240622135888154660266068198759373565998598326992130936747822771237948997840461874
87066454893605104786784380910750656223902282014695283813036201289003593744267846394878301943391293555049667451000790720846375615962488375212434623698892529082788128085728162554114923378476676681601473
28266717078223927995671609713676792385284217509210990280154531302750590911864005297415732105458823873094293693343086559981526321828339059330684115862981135988060103000155214855333641954672671781213528
06145610158667336072089814161461088769806685610247468669288344444443623201764700776533653407163517871312610303370243710070708069068102563693951195468668858656873895043325910229987065840837735014720073
58670180950800220707059216637564432642858030083353080023606555210606881897915242752974434012735795394785478115382679214737930401261839578309037216369834549800926221370110015969795878554436649491529542
54536123374279715272986822039477120962411838931570769363776733667655006302105452449595074660126104826556786423669749548136168070462039627569047023198903529529787180064712846740159160434308276984100594
99886487100724268242902965181042940781793785203227439847457752966245336605347660535410355023241967610291927784939490648242598604487626920710323284450277746528286958842833967486151190864628467054150364
95261124856756413807490151754315044178654421283565506741818460064691478830061517080654937703721180420433739803501787372044526656721964239219791889728224686544338426070993084163265289767514979912621832
14085610282279955216906344752073471264482630847568380135500700377613354539733409449552232425452245770325229569735603926388836270769903525604777339643481464013280180554214681535499759106509157167332765
42650924144635612905406071629293670673389762436828468288442383851010348434999581349468404653158261218263953823277313354831377393444482877189427150618013240172436086364294456383344375711928184982630261
62645670044913032436275113415241425185219800115579106918271826180709420500733301243036073457276266120172445997211546144789408236868885042731565819555926066191798608304707975679524236864775047027069439
44810607062420099960330601407911403685682846065052295278538321683971532736333130551208053006276583758941705218366486513816635315881795865316444205056567143874464553231892658379896442389666004471905306
58361259135569557230404416489666492619723301478193363805665522381843747099337168504806584338587663147166001930882494142597647334860678408892072421858227982637223201143142542806183925916309043593820134
41181342274443808020475514715171209345784149641645613264647376519665235879754120683922508245118294739228316928098583743589292012605849881473492373847125367590971555665705356503000714540429417784550043
77045275295532246452542697119767761480122685001869333594428304291531844032554940873345887639068313598113578984163697197171089932484415764872480072981799029932173524311718069286476668760673012584018399
31743508396175893743861731016929224676625444145419908091394918950538192958562126226047388971887830872187956460012819577566745430419849645403404988855723398053324401487927497107904676928953285926064779
42035024082961343805656936705711116618038445571061647452132823036897712758426632718654987379994573566941885460841607017976065435781587868424420883716403111855355723411455117196469119642820567059490767
37908083776092412837608104323906699499989788241435215037660950831792891781708953694197975962145235646734117922281812829317644369033627350042482573956009984322327812747764104373760581671233568461847613
23588227022059771028825533901253702646360668745069154627930157650014843929715444559913906933628841338622714378723846338142606590843627910567552856681495867438732206018264210415276317825560454886707525
16832914879169325221781548515089662955554771603347626892876474351768324791853318372151348907433509533934212873600018144264907479625948481860120343160506996845029713772858183127755735527133855728196593
50404681350635108456125308483341481061199362874839663193232588846042173229428803989200825296080607034367529532120272376898418798493049914197501528077688449218279606799128070255252012887820878838429362
46948411163381351760460944439073870933259508855223271265801928317521848818813535174211013316349113417290091577284726049370116247789600622099719301106165196842510682746165039199202018839633907175461078
87390284325605121472544298830730669610062725247684859270275568727788714188612393070128367934718487478888751100620754790684275145084072869292286452841921558282983300508729157714900013368406896126396389
39627776979024808887948322395100383070879972464265189012443185413730919017275993411533999229762235529432379880443506097240136460114059499399634914835559573239442079010150015428002667536059114321342359
55232512730338918410875200646163886258733788590461640160424050351088073344403469723751793310678998715169501847011387778232391380171687758964866016986739160290427588573561959773663236174395347017085633
75074720354927660723196596342772401873118522509573114963599089449556889853103261794180751652518663561677009325616224210687059847494753653617398022464644461555214880157410142946414879235582113512739770
91632196444158724575802042551250524855499926999576078575920078220807476560272339956926610737762744601269487610727430201295263657010456396267451294216565283548569504166784659779312280718164931183519180
76575481523330613585896723047144791339402757928378877642978682353408668055757706604560977765193453232237824704484052050848567022476891594096636331558753519411978770831450235860246031394458847815028265
29809701182427584162742913115969061032142514363791195386817325532637062525973465674324215169732125824276793339818250673300273705490839438964047882161492631022773758721737343123559908384486865351245548
59280728237440386367120754320705755929763637887713457642176177844358334819509291738592909636512978723306558497760512734998761258040572127098765028213624400827641911325124121825746029791775551862104939
34163512104311249996506328367672101654864207641760532164103062393658037789463839082399931437787044050748604289197648751805575492999993953594415399164344013782974883190740103632740196897397884274503579
58984223727885880958720467525412311955328018716904896064036578721026671694687379978584989857829953510891259909896964564549244339902991336259138025403159293628518739083928863868528035964448222317225737
71311917217769503008221593743040373596437303265886620770256572830101864794142840602790917796079201307987313897889358561432059272322110071373271108974219547686819142161510838940758301455135827953380533
71752369164179850108397053978207673831047476353466425422719760429702008755600969711355749735779879372179739946829176740633322211349758641867661788375558001422678555532618596766713260180434892669112596
34523481723446470730876460795671323681765322969262240116107874129689885519728664190123954933575433613196369157788910305911278931495834462597365176429912259043294797355514562290132256473400921510365018
76499610162648674675081106766063715896004478236715216546114831304803723162015808549103836430572955427846069841697839333076253441113999715891983686619916751108439720911693883171732646411843687781773034
53584213741128436972961770620078548260534968701510916084058277221149124730521874985584101040772109013508752851349029639755752264385837814010164296152037722060699294977491609028954157031358519451178830
19211792233024569244551162072574695786010514180206752088207456018516437400028140938136279944648421264024228355558384001925502564682006750586033193516628470636296627292262097506957739779754573157076225
64462423120437444981922413487854292454768924668267371632172077608863561354942860727801210718600588034472868266338238381655615683497136534353986012860245708267736661234969270073481406196035700378411027
96619643688849729296291177507797660547805809893913834974724414392446358838919230715202896260891056881684678521794334736682861979579848527509671206680248626815993897841691779091789925999793384683578659
02793802623994011946902939638338829101575085606992604097281016098920297817579390750172890113913907057730788819906913115356748240945830920913803414936681357371597371363456756118713371629458717547693131
83866063199037343041326994947477764562994097743157481280897534530188377799673908949089368011664993732702671983079187013836995604187370737047365275996471192673083812815711470119639478787046574078279942
00924120437314216871521223112555859281446378811428892944557933610650914653657719598014460273766723734391858720809900368308874466759401796681671763899850639006871034133993070146648633898928508901314835
13247703301651841028007342682966580272715990074199029955436832480620193682610341263368922507977139160621912146283611625095784600736809912126964427792211892272257139220452241813584716117354709412436691
11829956726007172939935271768679971868662482329513628247313393280589665813147028580526389618966236193886310134995247895869875798328608249552163680699197275746889869615780197587546675403979777856037505
82679446832806857755525005671641018954567048623410165695453537860656034038812355484973610985961929742147148586146553014234720934819243188138762639930653057141544688098002800264157135740476542110039831
23135796589036453330052152662907410911789683550884881019475987629832900870325426026138097888540644836023157811434157978877633918523125553446680097904912877288230555320884465686399890279918931218740941
68717670560482483563197284803219212970248219757025534274855498341650875828795617191610026767891979276788759221950213345131833252170968835959045298624330533058287483486093108849721366339737777525085705
22720119423208505095762142211264658790854175245946432876390436004993178517031525390679408472394703210073976051780769710779128591032151441348418615508597610589695020285339173936696465238209388882922656
58300966043827109314115236462227270286183495107269870314962306323374184443954790879831449689213840270624039620808991055123266660880972395558550341677489917694874881020877842887066704807568168656978057
93224214073133338112798487289769303946545870123137338376195293325631487965099503468395127876300873111939658520078800634321952169472787644607804716779103311527686057031493176767336578829993873770473524
15373068523404615544293297124385114430294836227973522861575013747280429905547546898384632255739479511402988832534562037475140097148201621504959316731590204225939972264336922985750029049463276395531974
68909776496788395227100056497335327316165853684308028146905650495146854359948370284219001787828342149675789748086409539708480436870750228302202063026196957212099364517369801219531342269100329356909865
96808906439063656860155634945524305117750958444122339825419981413144049257191723159053726934077401827052762856362489761355974637049764032439087436624961478144060936659094022787540968005131737751338458
87227202924506579196663398682282907629111583340379938577357895297972085154490729632681649328169867267803464436321780144288014092941641187543395563590110941562856910258102463912581515521877072765700823
26968285212387597487204084102336142982404654524472295613225479195504876452834273794486708476307157554392585222514052644691243159924564734256718135590959303611703481855402075008857865917408571119416156
48590508298947212229032347708294244326345252985307322586459390724378903740968491445623368410412041961458464505640134762704765961059494260813379502970452028745842004640921468330858893397161868188553767
80585983464317490221002999648416474184723174035258378769845687246866338867282027866833849308252050605681511714610395891732779204285073126529900132831036406346994491026878888014427622285039628397412299
29010176362797747056549435578670693822489750656571127083650629688281429516773331745474931013973013186259037482758227812033533134464200205163551385186380965298636386308835182410941801897516592122752755
49373673381301296583424943660235182641992224365113487071539854382759068491049681149958021209659924051092306384499506338659514529144455687317779829472549613085102747515269256141008574438746578755608344
26997528825571959536425991974439040022004573688754308097316879993997197567935901563382225822712303233009714417785023545039520972205726717370059573127852807016538010803831066135448455857558401234534810
14895152856306074578800357618039419134339189888257237482276099951866429357437472118966385904111428062127083732964770610120853995914326144639836423406641826236739162998672587329992556848583378215606566
74467656594352959792477743818697033091870208713882340044327486111711090042833433669663307268179262563799992436704981433289098135593862882227029538873111232066717105503928752605682016339656437169619214
00926193935298796270763562974016020839342864935782078356744347960163208706192692091846520976874801431421233412813019661979568060305467792235646948906216372390623189158304968764776418075426688928935985
59257096760042918275274455907062988887575799090839556021734430730738687268389482540264537981976969920846906844190336792480709315337334124910541677466606688732265210823436690759495267145149387009103647
20620336289052733147917220286958932185805931126450343388536223236554236821153918955405258890124999514418743334341811439440552173247688485710145556611755821230654315373866980657418516118432699043780287
89717201599670756392494942946915908828009966164795136540735438149123943152780371986541836391305430036344732790008754858487840383588444818019219186582552336585845709183104037968836091224973679161101411
04675473843776127073984697621933321980464852666385883264026331775084020728106755435781305158427047672644657342088576828533598592251447104058258025829674054005421697329827862797479669084486020301263367
04633528416226083045558762325916671943916539267582059037269983540637138803929690015130977877141436141122416608821345632531276539163578931713596750415860007852788257041424796581724412532419707523359691
08164993438773017304302555061183010629965754256008630817534854275239326823541161137230993378797430475279523652877712701061152808165884759226423316689705032544350030628542216747407507203477904129491245
48806372349331665356698882716492272001447392479234896894296837074405741402760803494093722527257697391433722922273693167619536226957322695889328608914698851495293925206914848728521103980359878372815408
00489686028159152663456395461642882871473480407863120050718873063560608178318097539637828608136582764771624646599554456226051809005774858522172049605239054247367134742694803220200725841287943857521702
31463685894062697568907692021144282761342968428196106887299325765231387583548579282090039973769285633303969936857086389498867917671021539723330258086236034925794817180155618653764387100604375878787914
47746303948932958993851558620796761511827810015026413569643622219562845746759454115673558932173239535219006054685144629634842397260981182709367193585748155386034324654057983895473149054715538962558953
67325591243635302679070895396945807558772055507974871873514129609556345540392289788086339873955012667141393511502510364463758271738442791054425698636273770618783740129444908668451090577631629906910964
57543329059057953461670830231006770204139235942488565659874994761082415630356594350037936425013213684360395146573796599153755078638064013729498778649554141879834953366951092991755623237336429117665270
58287396872206879166577643397205045776373793393519166051502224738225162452811384293010360604007942650905308636157678616897217201477687117272809686649328070712851719442362572433197042141132329792668115
37473706889320933358765882665838575068776620815162938546904488255964751533714223418282073513559277644727298922263012331883150287144546267259478001234315840970887461009037974976219772457666774612743846
55525587806520319176842061411079551201001866197007811219571670525857078376987709680723870969232729748775576266127411799817730124018808655273817758929022725950481482249967270165159374548363301660096003
95296868671318011654883403573624163749729082904261969222589143579165248168478804992014482318695702328346184984595798146690481253605631241631200772716497657775055719163229679669842601466156651443359603
76292183509733597055779124933980719129491464936831620754247556529743884042445020402487102857622716006401667391332590322719691875695567825584819271423616576985464110815383076995247628288098534268449198
61731883461766766644198772384460655944482670247021632421950508584170718978912847020493680832600237209318112518230589869042323358179220053417230508606610843370207322557118864814975538642171114048205217
09369638304982323256496001053325274239299689033578110020145680327741872750865112054258282762915711090276474997114739779267469950359378116527530935102240096101138275308162036021753988109839165084734842
04586013754736726239881729079711170893368843437061141336465356665864201087640368675800446991760348760098754080050550617428894021829948925444661648929881662387679583697153722006818916205553412382862887
37158438710902959603938759497472380343227217624604999867926883024058692313087467056055749528150577537088588344272197684538545513398097047194541950938381368919460289116927391696689630766779716966997789
43961029845145922911091862839835441546542276760071101287482597131407071208077094414755623872687938957007127856499165627124685300397117020927696504268990651113142075808092771553971971938269596795595397
78413944963675157973832787762830791217903282918707280470466671843186978228719509429496435392608116704756529490332491354806296009602279031092057498823424043845835073988207622562366619213700303002512352
31476399987072421626657802128653910562680509741924581481914971264431819899966178759819201898937302686595783511588479412591587437907576265516895634897066346209191969587261940635215133767590609898978894
90198452723052857756064165853015224381575193380375973590297518063793061670138186875146368039167656955232567575354990526552788445332888234084729230485142530574009287010731103246396022275223645586399582
69491174064486340796162927012831702110736496222391928332044549649052025864598727131175391767941858173869530324330649100497281598426904077119765921861923841120082875272105201796102496771985103682129332
18447308343412143295241364579910755417542015229660396624073185272923690091515492623205624045782976355564618167342672355059729146891547209037791970236953028932531897819732603921064859171966330611394487
76926138976487319982201614759628430056045814845763185246943027061296892485862558166613507809627746538978576741559320872774836621476275242818984938127614008980020677393786576989923685185173397374204574
15394294622493466490593338595539078617272531078939998444215861780771510785094808099853484083373342614802313713512428968688117463725307538910283535544502516282775207251064292867332784236876045795512839
28046629969901489141719666914526322906092905243370541430243695229639348750204831887140365626169034180158188581862696835599236351779086804674980142845304449095384282964524222258432184830759498838345929
34378955406566094500601294643059696584246092791354334453049665536306740340831166522069593752427057653887881009851270259724966683548849837157055284221193711579055930035742759497811041532901006692897592
76980880192520069089067207382421010298527790798896815555315757960101973852041932536201052538546758946423957242515348663916980765771336821855028852618922632800489733325400122029481305789969229105439201
21373688611670461373597761353388617097889148116443894772807455419330018143976520129798090737599624658762260834848927028014883948333121647843227031933947345752787229305389603326732026962757947869791429
38184343883145982651059668582077095641950586075252557634684001712477792740669304751734314715808147036412698548115488811482192928922565046890721462565606925339423609305904198244692254866502646926078589
19893250374914509727386776471262171518755168510614345922789818245518303011885146590004273456272926776370488993744855492738577862469219277196662067519802862740106129277986542761722622020416536361388278
84423030478821025490754589381261825131478280503144131780830159431074114152414929352453636974817916647085446830785242536323706598154172636421419156409241713384322859233977238266028962256716140345570087
70274154345089748830355912632631751366820549715500536349512075363409303357429209274808781001737009239587351471399901979199475175390278905142494304593623862301031050070606847487856219717947042368377537
13308378842259540021646340037501861899705942196118485131335007303593685199508140280993048578308659137649511635874865380147197175198875956111610018847873702419120238925736929120026705275446579892886362
17408800189331185743451699662205145247255290528394650911889229745480105846808839415608808743919477687284886961822594674460971820508528936544826007664223220304565539342118791591379791213366912467491822
79104239929051194754890666795914044487691596607392993951620313717377236385177906395702864917488218933682321311942732941652391414230518960093310503817972112475990161968289720790392289722989690707005043
01701714656743194903912904155705187270855642271873184594031502212951038523742029469019512864086203509451955177333247318797207047507445532249273527470359091718768434189315335809756703822015082055665508
25393480179307539689521097852837576837064196949020274396181586445340056687273406645277805965829556653431461721505124815523205281068322460564814346027590022762068993351517991355950929141519825836162313
22435196895288624014292756379621897506197917709303742019669723022775586297279309605006284176490997448097916969039651471980559848585586397185098176213504589565333093642553184191742195753821374883349705
03564672025274722137895658347518866454656375769992883368315166165710397137825745123561313849778279400343028602134680744028216055195131754536949328624048060885397132227891487612674098807885647350794683
94370416456357525683056775612661190151018874526106423390883241472618819698251983746175185722869130133293148438722332170644041076209630164109974137344520037356177252268978067602458031356081810536772782
79875091684917479407505862512439536248626017776636586085558711886512374197066649299027795566645518767276172858799701670158815588365004612099079161320545649397123843327746645551604788262113927411043719
39595201560563186237602912561876827350626773203847607001477565149996158745065479352252319367091900618492211770925152583619430733014875299598581096264728861966267847688747597628464147925231177863742618
38915391062633806427117977313698501243349622124768680677318899649863129001414810990978801800777875487309563164355463245546733420060992968294832378815489053505723914121142745904887325443715487790203519
79450418413988317762539761796186241204355844895664849715104715559600335831220087461354964568013003238732886084742079488944767287802698096804278607846632028759739119948520170150934790114111086010114188
20721322889802174284276477731513795949329502741161818675648712091707839982386492695482248210431721406417655296658426642585738820172935690332017051647896389363590983454509703628082783533669018029676246
41979159209054491201613801764148435672594692353403766266444851804563932624851111687304160845947595919373758981269211830834321192603742039027176297670655207519809393627541568109866143694647529469043997
24535826617143089666953763194298761446217941562428315602133562351715348232508751784365570046593665111236417384484010587681430019550876417167725138106087132434501588341288250973804614347802454534369417
23254102461516184238973248133427964385621792303048867481414956943303887256408925733573615332129659967884646769432701074527039907013901387153099469778240166376079361610355757823792639875403202251312569
15783931089697544596720434571172742258378237281653245380937076562987925760489866191649853772428648630319379456167243128625860844709930898033642568803665371557140145144148722971951239996244068072707223
21642371106605768428010937121563620877008890368101122337150208872871592573711644788112827079856036205683156212800712926823730635278756263817397381575277770036775561319910642580858397194399168745076969
04420428922925860982561911990792254299283695374462848952263242569108249638366924100216432788234166093176902505237251096594319048867174776048762619919660223427204921590315203674568644678910951365616960
48096942848407198497922571860566585281685626365206121498586752303841001773329062986045093788111495716895447574962568189657598857339130694651049427236193862848503638828583689841566196794971943436318366
85675010874951822752488741054932602125332720814109547313748334816228751154137569634397783718119931829144779656611250948332173369441587955140903028134188325951018398103617809313249877831328740771581063
06310654242031356735154061982734485452896212549232960478588951390157338280436350778915885681030246901929983630829620421909004321131435645908100194336449579204339674151643684613368132009221856936441528
88647970573804916156915471998397273163310622034869472220311262109415948032455842909421684701911075579594830346556791851541854953420681065091676548843998275691153431547269356222006518537116424767141060
92556978963241512806245116557378546335141767831011857560217154928561195461246367645301545372764842972718035781648190554001279875372766561250426256403823162270809077843071035670413997424943943052756255
35804530680754913644096715308853644017287272976452152733365361827448378096305170385570128655969604741742395022060837060957643736102498738452680684582797574057869038923961129207857037004421318213225811
95389377049319585898992225793802552409113367225006818150822332580750861110862564267074279402972967146567563921368267605577965273188756704296442260931600406145655451223763507846061341381115681448590866
33933594107633654023857434352148531882224207582187482336781205070351505945693122072225004446163498560054735268665917419073699130206223799215284775738866247360482024615566086685179257091739997112773229
85051825517287224715616933765985602885358279991582063868137847517815340169271329848324259955608389035271190454638462889994475305429048387424087924324316763414076173931893394206849372948411019948251350
80223211626347052162471065578209323644938665580718276574143973007484077155614607645204819228538596915623186766731273864786551500392976415083676994482870557800941359990610098619259449614496602737638811
11118222727135471437665053562675886820004937584840606323691089569364464887857233214048618736814040408818793737088683546549322727989962861137855923490066198463373460748083760272813839458416963302578586
85580238486702408770325662357317165110959741111180145601056710448259266331462872898378786379523448586229585964153003073830782048027641719406933455783266366763895559832772567033601159785574873320423603
07180416747256211172905302668691529570346081804011203946102283357214460278550074114710342782210953619856914913345018262751174192475451242665019733581957066707144600936112634809357452171063777268451072
35895808683326058986868464094939610201069593419207893851450944035157273354698530521027272289882499136781372146290302041581670031967755992307928968482733910115221907716948841739799275566570212332203010
90429916108853640542668910963162324247859935211565923744051389712356043938679725449015431781753180906201089163827921594865950481571113312420922727076454960218588819443607800092991538054297265049285566
24627566672154628790573085030994577245903320904704753071706796245170682136447819404932202903527256436779315216167852202492766683339126379800738436856015581379924836484376549405080602172439323009647094
84088058054397021337597585158026526551459088012148027975512314989664929820741987789689150683094970372576541869559527654614144533790968834912088932999573097462941057050663962987399246747406702027045201
61082877960357844001023223676982202781478635639030342686253864204675724787240444490868705083624301073472416653212220190810204634754191554322845177308682802367762371449171365094844825015244130379733662
91042112650803987529142031589228353564921034342026930455725749504871473898223445260207979444306803172451593858574516405362914596103370521026073644284012214685298857001223832496846569982361902707417552
05529680067656680499518712809529171041267952610681755526936889998024341046429707874547150058140964498794338408417863508705639827286255901973816715175167940022863418221518811712221758442657055396410564
57564686005809425115671635962607573963563063118849516692388560417903372698221226109060228297248951580772716939749847881601347462713700171886950837717900054992183685693971569862546436451143371741421720
19907544109685306950989303731134124008739607359056047197460705130530603785621626442151097299802886048517171455229436567486469867663526453591235178946605563450318680427798011540654227993350504582827518
42059685240619774291237085452556754942486640837456692510257402100594954528721468349590717467699868254628600968993862034772561647594176968155976253768336504878547157963870587313601734507984758765651958
92676924131476445405904750361060359961384744398151651229475504739745893360729734011436393045418304994440432527238573102706270300711185440803646415037229146397578708443555019672377029956885534525471746
44952975855046524301947113832496811000585292964526711642155597380680668289698270963227452202150110378317598327533857712034461692622583435487232717588904640700094262725263108389050142529509720268650409
91987999410147533742974751365556664584545779534009226993249996585033609187350752896688022914892597850788615812191962784098677828723723787478609097275895852557549841432181943842681392879156001917350768
87317955899717630190222395802682333230839721686725748977677036281706809773064636422229908913753835536625031614257491511504890375848412035399036796067337838065742795918749644235831796699495089458961936
89244894322288173225039740459739983564996326255709202306344437327693093827664134077227153596441200721026982698097740677949683926908321949301122906185889768352962797001243375587496904972907315615517651
18166942103164085379427592970401517331543059577006179820037088131984258655523535162257350260075483818774246711558775620958978736029198535336781771245452342115947958922477145432778343570903517222126564
29096633326974693830003456613577688241895493072687608145918486144990379830348826506540233101718337364467501385156910955565659482130506358608414227412981756815050220077967700322086574661245960202210008
99803245000978881232954109229400400725447754535860178788610750012004750725399087114104997965166397984158617517448859348056785436324732523296041026173908879532165530902432156270090300489333569245535780
11795507401427532089704159626630709479211585459659749174049922924064205355190278152162796680092791131899408646453981160940971441556855795889627937045130357513880465067745909693517143180031311577073779
26924079240693493928235036985688292609845825296781836339148718759149225708447347420075290063058962186877623557319519158156471499707384278623576530445473030379261122741625983858814351674723860272648703
22370850193820587927521467044379728924935210288190944000015644539421015738787896803333536292975817930604502283064517192711208901904967517955383737646847180270362089732430168453130916944963122420513976
98494138457716277001225622781461410925990663580491535200678844187392181177748709062802892878406438668987871642770052431810670516372382179254631858111204361535184423632679264549353603251305823385840020
16863276004236970920375155857279975424125560257469607432919969876518922400745404684547741857934805890362338198558103899104899499280416641471426437746658268107047188945302467212988874612632659387282934
17109431411179596844337401440714424589623960912796341083420491055713695913204695422542087056154627118929241902644811129026662226167050176387553257381483179594110937146795652097946084513763106399005895
36258357717774131782747859028073691626319216629897293270303102784848490331113314243883013355643029080035366618144642145402986408508711240931965341766408726586666439884899985739827668452212870534414093
11368688855651494522429786148270308188066753093467901092826754986905823610919467179579761358967859551834135071010968036483289966814117520350453769574312632750333977749976143410589130615880136435129319
13357675466782853864348692005296543400168858254532998079289909575936152250075659060067905995074588393638667322459455258769566936778251017862217154971777623519116931364060281107816983765239170785011449
56080258347176951542262012457844642880614643448592038252697593160448630016350231636772953813321585440661429562845514929202565615472450804770175628031163419103660026108795802587300626060172458760393164
86723599605087609545222857900868631090972693475320044351063160933234543902441093200635053360583108552174511710232227923351319840697024606799013465259706859853035737429218112688125298993899492998852873
88705508981862912926875976494124017787777073277769346143784329740619688316933609565471962494388551611562356618796433621080411498559827153934903678131331595634409582519803203860675920181664036107558539
88136962834145151723204370067477480078452888595897110667875734474693551969711200211298197960327898363459423563786828869556700409247682744011581296292177949090134914119812171212851068965984199503144225
53467708218120771732849970513798256156979803070165550467611102927732532532852168635871652972186882335500915343406915170587098696849512713247509300839987808690294456629175826966069959962941990437010929
62323183895516135665569061382778101421803556191677145261599766877911213560379468172720079077856760801180219365495887996895890478671899030988528216907708308575632713638839981704516309359136892383867742
63292440725718332810733594381709328784959422375759742313741043977965660523772548422874248562971660246490798062024421867925332719953705796594816268665579132323411081750312795531310077102354925223399540
73130465666567583034286621736334849885462010988491030624917652036126665086095166261455047702127951849349971687425690197099404209503530449519471030072991943365415888055908875171290699903231095593698381
18080794690799743265233161374305203295656857942470013341678010750271757634348587508053212215300537724687043092872678111443975220115673577989168547569723230954076533003093921785453525869066765318839330
82391178823384994571336637042551882119192522143510973539453718818241263637041315502987025316419443669144848290942150053514358292670704290239445751778239986718995966307552696163440385474147936444295140
30994848253028069458014667618034345920765199198053875441304429873366364093004800107863103548425072810239839231473459799343117615098031917062109447446572185868579593716612853099953732140727506555046620
13565654213754161559536388776277523081424999327702855406405022876396659240475145622383125657856685370414653178832183607162077638185326714021036544024733030995724458349764897663265938253454948595429397
99867499248840396036513667873974051722849745905608472730730249646938225111601384423629892039995619633366546885229601782915007688773029695483125105476977679358327849709377881412189976656891846530423570
46062485275163641779434741178973799939476182578646689273512401791884742562019896476424975217308606392750973153722364972615578338160435452869351589007460927973899835592998045205125064378075374579229430
43597541901544227992647359763279848513605059493314690356542071055006376873935496955902777084109901560449965404011831001729161253629666862324938033333418544691273152730182877670936479233814933559942983
36014035391284544706041730271204837453902023687179993278418538133170460663953880879398239002015624680759064374551482325427938693151148247894261311564226911082590626751432869112290612536834385567134490
79880923021266527080835638093192190114616834609507703476395607816057431234827779550899628300084901844988670349214416370331651044150749506752706347907250535632267341214099481018838755709484613549780301
44965145444113307176401090013038546252916347870597359560781194169986190944622873538606675804430520451445817296579639207909343527763809302054701866818708665139915417359674067355156027005728639391228207
82457119699081039427731665147326683516476594998042735022638560340723562141833837022554717686822114483707002387089554957938730943611903803241961017732625498605988378870214503936609083732795413263242384
96625991103040587632976529244083678369409723992757154728663093650419351453842237964669445974332593440587062287206862706503956307671920658077019605895667082815602796771681582464946602620814574745642722
07033692270526747882742418865286911272622674560271645809605425016356738927573612779469340084608433039021988561738676831039412265880793083059134111094190241489288257757255188501901532578947867603500528
06803012240577556947725971998290800303638807554241135632943765765905580561236853966431846424913635385431574352850715800644155610140605952510717088598754189940957017505068059758737804243439625348301827
62471258546791145433907390500798135473527328434100590449621610656193448482445967936173135416571383857897052868553490723464233661976857683861837178360826470738845723681189382212060045882857961453914254
18560602324992813582318858010574522712966356759030261358171349991182590446013126363598527761672990469403026448077548321099376585522674197851860537479590639287060429848524802185824994157097793938842796
30671621892933623892752332751814093366465880162643128571768961571909777455692876380239315422591601790738297694535778721263625705185350192083758225018464726429059786925345710555186124517461386456060705
37654427218454540155939609508551449881624460036272785877920877113013475043247994164871883860703125482098315204630149248826896229977396220752138364318392993636725464386553989717168199319792365823451228
62679943654760857702372806518816075162649325323203450832695696515043418362994216772977138699440975218054463906595982715796733720443270618108987477668349032304571898189992012959728752775907674786594605
00620249626345117303150137075246310554436262095756083296915439282539992841242817635954745401559805916290546727782297983424771773474016160754744973963225824992431932760967352761257581263684029135501519
54473185670404341103305952988183722152829189515848208995103131616841025134317092814623343759020826058564115926308790226714646820425504135649472261585369723535670342755530489626996732607962441676853409
66953132309647836473899670324512107443975031817684185362395746989843352867260948569195327011721826361569487492358267991602096198926193233073228064965247646287279980213733055874480006961609326517750133
65816770592762570585942330831387980550729095444492919242228586495660633854399050271115650420069547832310761867914247802044072146049272279477188715415812239465260489636774504575036639054112658699862431
08156026312802375692100198935247354957708080439019421650545291146653325345510531475531707446562329672326079042189655947704550084963315214119449337023014499490086348061473517570295596955196117941947114
66831765613894375538608319902278954242005304741517377321323540657081204734320771411343695052017837157542275242603740009806219912949623943489660234264367080973467359965406382328964602300317856593709241
07133634290413418806384411425056091354775046509489240883956773372627227721571432566546963731088343285177424860016892480053153109657164016714718517777072509940805843244115788539439136589573585269584215
99484991282778665592344141203353213914053432418969125731951419930243941214677495527003410751675999486529106867410342683750847539779534464251014248418906900965854909346081102528689471092080785275131739
04241637542264307104156900419720346411486824266996613423466430687420688460098608269713079814092746925763064045863954272155577953665141469963671966693020707494771287553461748035616910990952339470157693
89769238699701820643160883350508696510579571674630148156501751510394343512670255572507277545998157584135323560137390037902493318287692436985918949964685824275024903448039550645751219724163987388824940
82580157699986148909892672043641812847626737473465345704128594897083065639596932667139854623304214610196255069327263340722272705166498243741895831175160517709515177193497799372401230281181134862783044
04497333475979081094352190130892251197454241141442897337362561807118883409736802002837585942042954764004289889092495164750974371769392712990899240876461679218304543736925937153152099158299232986471164
87958482212125900822343328239897685655078400213225679033056948826503112973296538226321646452234117628937457022944778852607923554228211059951168657433723617963595316533628947922768050521239790244017372
49618855637454889186281721827841724529305240729669489572986680954326476901275151212171589147334987526446765490614041101135090780662228994433716111431566285456412846755190784395450728447904748952749278
54910864692898389537018756140047538747108507536511414201037133007973613683349190433075188013416123604163627738703200940941385917470186458324324664868973203717764775532486810299897784237728416183848006
80914002091033303617778836418407690020229424987248035030972734695617849904492148961667976350711203089909340776582961658285459689189299155322280497752871348226336358485037257526293693937879614361309824
75252434570520090906041854962322047282661913134124950137743286482111599782215749344450124744505718097988309896850417441118788282001009851941548709473807675403824926021227593374213793470242527149942386
05568222652786508156329731474236812854311511182297021126264689580978609772900329244366902592543732592791981016150588399758224597779148258371996266025192114786753669684442533371983615958527192679539093
46979600647098573947193809291155844924010911781277906396438763269863484577645765585334079046382480728275961730208941460366116454446386002275218004360508131976340199791918759771108370383473027246337451
42651472655450484414608282668373738897082729768101792510998025391392390584573585874258569364115475606955322693402847894850482929601318071452794289988585823245308439256504093413332280985309039895020890
29064197631541594606197167597692618059915389440022631360239200482489390021187189574723976898036276326430749489538921230139142081625488755615768653906930064464556094161842348326818523749388753654083269
41355513810249632432968718742659794467078292287441669432528904803441168198318372668523896696078523731572503353839693093872601553049126498956439598919497667734339463222047880862853813771666011157492906
88698437167214940802114910831010199944670504918199432025200433443539926976390409544766399332776221313123082042199687236199588102555860388584003183807746814736983581520590110440731627208893493764938107
11147546075247356202342183664855169046943478125965421651129725243447032371315821663749953825571136051281542044203707815399978081886237303517158440451982099929220145875148065002067175687799911946645370
28698811784460238349570156619333113216387733078014981999752615246767318211730531141553420801346114078891174249563930292274609410839829936372258763782929681524538710615465692788066570439881266038219855
53670573358054642685447940050735194161496421988168614409614607319737099841131967930691574134186251972856161288293254523966676411520915843993913450013329188729091014799308621168299722662437568889388419
49173955852390136621211126910226353669376527732395648850463707332901038610585744408285553823657049162945194690150181936238695502418633442013049079164797757309560345680183689516623024099721897831412640
91188267697839046474465901229748058074746741648595154844168052878887573368454405232646055062260250027356311063786042868384602839831786340646936832020878458733636017863839622226630637483576832755641926
89103380686263010778217865484662775135114932233422574270810497976489911524770212569998199259148706729071478490946057978014120911703602071011027933842945587570871353650764086891305792260117124450817815
21411526583607228692868386777831172547105767411572958708676379418962694363214381578640608257308314874222543973240227399135077928507939203722148391020053552465225930071555781710842049617853595389306653
14151550902598869304277263431985320475687959937087527463908197649888578383276986958614116245929009856606144964551334965581293395291173788374941296782451692922573881171139543673263701060283650030369484
35994846475605518344866389194167978352112792245071779327369975862799112583028557725679625715201693706166468233007795859421963242512120788832334123800762050384555079260163508110792789296226902601829856
12696913052064939418436644062625004617135431056998933610216590202783628161366187190573505374396587059087135053763012382011543311238337072677166669928321798051175230937116155911825888257054182805910854
78927257516318000551592643961400214940713564564539888064363705757263454700158721711718476766433170635206233216309592531127973300576096842465225194360572469712069690476615139868524593931113311490638301
03794399736685298343667566069009670029104782403558816884491513690614526915387633636215956207587748193804552247721472960782431307437739307831525862178346711043807772613598860457686533304718099768241502
38954641418741988089198902417662678132275061351482513513857533090823262060127367519060447320621826342741983639682500747499673955509896986479539709976635513808581780399136001991888453024536384652703816
41872781687119574830786425563849236406786519676370560114980267482054923594563311367598088035975170683144510943089959057880577317395801372587907004900988165998847559907155066976488478494105000955947682
30192076872666729789709470146989911110928304178148238177101992113445469299816942765604337756969204960811794588785467110885693625232443534095083739460741220884308764027548247520686852904085617694018082
80857255134675647414800943043181377114820217873744145451778086125857531562262858274919386105719524477545061447296809739349042996335309808244983764639594618039762292405229638206682553114117006257797239
19211409227750012492677164266579723863017982913154411150776533605904425115516943587912901756028839401935498302653344737922536432572885324154642976572284739394541959504141805095862090565617193488659093
37599667200327193364401287097942691759409433153709149280189876355623693756171461377526534644279054315690409845175949594168507703156635885881391005955493445418943527317095244375062723078831626970801512
05970640488720628934116024350682199155194188240053765399724904213148770390137132421150254746169503590721834560922060287851490340899171276944936344583270439473655564811605010864523842805062320098499759
47258913163783863609109096005722549530869349645226138249860432688532730866852375188204110374754620095004981138678790121460055617619449837962959720953191196968641705800519004996091523654240237627318489
38290152287433287882378651757742681608027790230911358115500277555837732603826947074815667805570366239690994588508911779459137485008179188849819620997865098958458477306382275457477455974980727766719577
91645412106877628447934703190889955799901789663437120792301300527098100370437790404695928268432351171120465134394956468416559795924266302815364951510661236407190546196579027642915993046987618862691241
36502141303253624613791548472006688893245790272765037313152663423232579048167553379010345503048393840776704472809700757417034875159348110558750943938881687284791847958925923017521311791431022326013835
52784089395624558068283443893148549247398850227223261517816142296133074872024769095348259083205138437017211907808553470578921634690493347437330205765722736899558710064729564584253745210821098062088661
73718782410884182514695415324933225215456656284745126678400815137878335120748314037796556737272179134846843874589451026612559788891278172479829066180961118206185234043481683582412419820671381024750018
17975919135425654587399866569670469950084728313761623729677534592500700103236522986278337081762133105245760512922640693424710923463007775849031398567021492485731353222806719061839831980240945270593795
38849657945375399708150887034189073951855485114204022200923343462758835693326746460883895341887184180661194970737817117861042970688665996583688569490376793910171959649329887753812952743034341458545497
49718477518237678933579354921095968805787502271287764611104223912712580453880220906389611053645848297552832057049997069284541245376043426944668550288306873127856450712508965032060810618922907564655016
90442864674991192311487225805986120429808509619862201955637125858012123975936032255560325067664666088597000825353829074580466024624686306599126620728198354156640020861532664426600411476883649972950223
40086463469894552319008929622188189825394273641192292007191509437512061690074183505927646818772723132291418847399092878659557749254496537632563492672457404378225964547420679218407842803252304893549281
57869945934652806431492347931948844940753331721386748972688994889295562096180540114103681470850900476778596740773193653711918010277065014700977306863254578599618535046639626679487825472241324287701574
45933848838082927432676675703679162768554372795630110709379636564051008457956611825825972937505021353399004767072576073468330133488719842430237695292560593509847841025278213072714180139682578572675314
14566493554357663609594312285428894435900357014306455089217772551015507853576126872370203292459570222029386999698835077697834811033558486107267062769541436837933488259069807503971848981686571042187095
19586735443125153030951592484335203876312847364888975236494827367864617094750458447962521925851759310242637874619627892204780157001135518208689742751972362570300635187127905982379666814372324587115827
72743768654235688323768539609878263769527070730582858823083982839305289908271241748520128449742874394414353677041826938992868045797168695174179283878967376290762488469996406534033041788308694844800720
58235595127544320508578116145362386865570244908959928739573021260046825841231049131927174676822849623307443879783005715372076471533886830137208520303832250107273761366479399374324629965177896192528187
14927863229420291082145070572575987966200342663981106725974131841837477433992200422215704149524609669332923163327640313759701364222385599028450337468765635984506846515729787710459547022820292098970664
63232557164736056478501580206044389545471867764322484552795591022976645041710372512187456105229449203707191138509829584496139183023326235360111295173712425555850302155783924064503074238084761724139827
12164822852517119978818059548039477851258729433530313338304300447454579441505858111444594947991836204140301806819986537922643028678283335435237425098992176691480300854399843707207218737597845897973504
40098072047244719808476355282447556355781425899899847494224468333289767109890799975815259627651079177088167168255058796678533833060760578404251958847404478763260438418558103590374136574572190343106952
07252167128696651392497049110830776104936707584913372189010215392104518198166559998308429441192504056897803679780740684758068220746547249526695661849224323157341997811783674132447361013320066375068159
61624148532462507027890760573161243759735191543268949125374802936424419138282819625549299789994846288193931332497263192080072676596527830976435154475693912180731584269276812627286758269497682832458398
20948430227901595492432766261243249083227127298769103589307542886806328032952758988246399043254054687702998185175019849775310725305097598527066568744841373667397127878722648296081585824100831843750722
90602865890760102122642399806248238634116382495607093323223149982745369997237919648072514820918405163052898581675594946440634776292590999960137806392156329999638009011237260142994129783874759769963086
72205644887006035884394993825604124601389019715415054465749239941322652685777218735484978923819262639897684317301149548550131078431442100851504810986861877294040304534711191575595271570290916946519991
20235102066992706625086441832764780420828528918590190764147336826868861935728787919905311254836534330624398386177268711046441014470652214142970798782086722044503778919524021011009200072507177446258212
81693725740040987958652037611969220505299295593201378571453561483753285304075506655402670126297782302855452204899552739963802780912299956179678523929815216684907348333941828803495308842620212976701118
42040274447658076499828508721805021371715772799359231301175285980017318187378303259589897637125349082012949771316284395258982727647858062142295934563398186650335230056462693406873302340108251775990739
02056026959074695697134005923215610432057156538399022722215556040383598525300339333527850526130380751704564599722085882834669807193265631213185605303518195187096514108449769349090643472182811665177121
21914327243877801621968631522936159781438735717802190175237620255136371376848840071299714486622447096323929903123362233873466802721455967960494721964544810612894159847835885277576240623815094631715499
09974849721159487739697104389491488884767172032006197900358407567545031961194597326118376318094940665052181742474208137960789396364080490784934674600398369590346774915096609086769798757828953542243944
50761750449546015406953477007474643918974838750402017354174013687991990593461621822580117731191010109461729802106474687350462593825961045045265022782438706975258754170877415127697832822712237234962141
80334522690121468582187646267806931504765799036016344009847527332582150652655468012734810563528777284469627465278761342418960769689126298137876642788929036202492326147282960736126940843686825287993811
12039590769188726887239020059372695744832971965645378472597656835301905222518095522591743620303035246968311331885054420792742247782570524767048573216207791117908367510906900787008840719030843899540561
15344116125624945265693788214027771195727401905442931402243847814943626368758213626066211517491815477236003945437036877148180281740765397604347162961685695635900078507397723651848928699152652672524475
24872590271459560189827564919763360841068225383613516484975064522706904947787048411059668485839031923338208914957072931079775608792225058069664363886986053735724149976792668217597307114709281797884456
63275362558549808991920098162620269917464248328439541551569943969182829365397433307574820717235343545691153198429378051244987513070831976485348497495521210181518794881751405466206768801812283252662957
29994566625425436578400149778263262618492134670237278384481200748021081394782705554582120563569362680712210402977347761010366214672976197157367311087288236089449656265190156887907728763461508493032751
96874643742140076891196048366005683279645079297888297091840650438967823641570478217118525580543531325600957206248269013784758322456046253195720748961249634586754370197427099295081107293641438085096838
75067919742944872409799562650039755548434958337800791657814038913680445930996976945002916411414972949754763550346167560121564954478543931397523250118120498913352306610741605041252286226017564896677872
93475087529383765933791757438377736234206357923439718006041888773416856793685949042942568648625989764555813330434640817771755563452809483946101576877567842691136337597813624703380159053214537282152055
41701936959649294539023174615261551656363230259805737144705243509886612065202185878602282009589467031539251589278059497819777614647912039107026843983674643337713604827738732337735214671234907299671574
54707276748997809160232320037975365302908099771897832066289988636169569488557736631939578788751468346284231926899104151141928285211851496789388208615920334172805900059749688620611305550977157858875949
12990296522797317080589289051662163104056227158078156276391488696108525347065062997737498756725558310845873371763768627493197844685780467916215701665506035920400190139040973443729202827441682893037953
26050717121360646074014154644476003194007245409027620035409047847276888724366488340446908114890730548532068638562728528551951246292266462435204696450405622946767084640085825207042104866370958756332530
11483456099347100932411104429750111686286132152347501811275262474744464208633067847920279995255839497839692919895709726847483968009784975166256728721307165673673573162679206090964225953431790267775035
15798697569918464793805694356809578350006199157547827506233833092828050862987752466139952368867161178357557342780514429957763690709854511267455708171288054313305481134270047719626944741404957705011458
67235323712251895835602682798494249991272610719524085463834693219109226709780832250918291853494307241012900005432743572979218870594728910133608872149539670467619081094300680487611867724980944074394724
78592361509398637668108041901278220756828967723609531337758875819806789595569031105238123902696776445324093118228763876176655235871525244555399175453082949682171325849516246275742060457425654007513765
30112182504139903171823919068813057365536941033360754065182165562210983700805164451857695003751093293665876384949056735436703923454932539380786681284029602916471886339268458136284989841054721021955803
84965450219007630479601820691621038685826739612670730944923288481461944739602180165351063391132570687250320659667312510079284651849565609884962695069176016574858016598676272652368277098765373176747804
44390913718498577250103863251415854067531390449186496794019151958576339480626767428218721859164924577617890588420271265443569173530213002271215432588325891700163107727964287822200354833104130772445351
98068482495933294538055979542163189127398904253908723422377705015129068979394806698132582272996608616423575155737840299446956528589243700235010714736802797361311556838951654725121901192140281637210007
37384737169490333838654146248511469065971813156430415829665438875991498872107952995609565231118820999978109096417977056679982766975874904036679596591179269666255862255958737686236643580448273859294981
97473338614351175650580204144283920356347774801568537759275613106451085974455533407382201782195752053850298761101859271679081576874159300176209604754911019398095623753792515695172563887726747409776265
71720891548376265642016006970529813805179118955419831753540515598800518459346017992287631812583483447282336137059279935046496836300241686590405344540064615411061395655207479903657674237798804955713235
18209547013875343523795262396858878024756155800174745262413200080184781596179116783309761083111142510771580613583815781012325751902191451432083366967268402977287519854017418954660387339548278149046667
61142808413206713495399981348036342522685917808149998088124148774149607320121137347345489893892307287921053389033770518617208439179161288817740019282254074039176104225326090224442679298892911541265718
51766920666381469509816228187263651253231069128398482226334082348465908306240299359572107815261237749772528547774641082865581736621608872657526903231419189552125207384569213124449710620596010530268846
86919175762888396276373977775135049956525935866685442751620145769656421124920500146531994100796873528652244424430303412034226803477433677019664817158581105716153899376178256737662432843344171572619248
26385871628948571915620648732135765563625619499880375531307530229875360843992871120873905678702802338332743152484461753443435715960905391928176612910354809390006218749032979730241499871902902523619545
75482796320330049168306854179749287776301634641877620405042018946833764827413590575547241743559242510115158437784230975141609745118339066809597212230966328212746571687269449180603829453376760530610338
39221047305591256914749048343626670997827598813527111237063455234524228170171526437761487722477929563392300772518484522517964778846295437625996737311763471060054693358122831605336504073390307988245157
53079245722884717832021903366052561605189587958854066159705522990251999867564649077684574258547575866752628085202992442097161810527194468489929348605024732043195017655495318544524026610824433156813575
13618253796152373519070531896549000845416252689953872145224090002207860485855042359565207909921451138396183600155203843755678713148177707379304826301888367168674484474303333936668948705733500268627088
41390778567267434761963669062848177465243061725191490878974160190938662980072702143320149877097080968358475875280514748746455175481448307884614687284158915455115259289998651231059486478215946481402521
30862104698585289638014140166591570800471349087162993508636498545546595741861678087439412251018884663339415594302266127645776754212765709470932150992979466041664930622779062290391708644268546950122311
53776991000007479277646260685700190909202202161389053899859441471483604856265615510001986021298557839436183644198498506401542599203446054538279010880623997159379613221974991914995269579494343405849938
53094153305102817952307375066573092408050562073760921878377136535707703879276865887164002937582082752250489066764480102316266484772907147365964502514065883451120332278205793343517135614989293346763685
38461099480749100913848225081134100422560866796987483226044357089232680966555455115547164719418443623810577214046512520991865829103585752685389953305397685189229699165545275180611260130849771850768212
95246055267860370887797214099338853668104002241249918851352206283569581182416530753730985127955323481692853638805171189804599241591973170633415245353455807741112409738891344968613958740416540090184085
12963769800407031119819940700854072548450413418549621735837012619866921982425209284567260981154352944265609159070646462450885233527165626651780944582959059773047084568324622818299684501580005723309234
60808183271137344354423877889247449467907132077604048555233378034902993826023904500385801440464884195678292613265405206342380998509166108589027877398944395494246274084045167944683677317878294032460086
50339997756749037711861487009895040931916581404178456594416327021047430080320857892464005657662986621639663660541887489974952341113296185641608708669776163417728040978434714706662530378630304429418272
67534612467082988404458864248986849323781589797838295081605416000254522693772478497917077811431658000480759226065988705688741007829170367289008706576257051352064273200940141911780307002430666205647851
86797024848840064562327395963593165187564568866443777637123675913442498055033677965748672132655019258275770140036523580024281782820857445479684359639831272362845820586254312047920015452618892397565290
84204895326670328606752627391429861541095874016897574758689041957304623113516405372768728625840592154587051693120416480455951900347895712872186348988233740043297998679856294929949764359355674384143040
67936247634407991669303364717323016852516078969225277504197839453248512319136050578240882665702056908331244042111156366542215540350385729335568793529105547291258486958013569358923053617339686444242263
62157966197725018526382056698224650646267151852607465880449563931195933670757248906614958806421732258817814650661422019022886051496270181668644906300524902507878596536894678298820092482655542413286067
44726626049063002879495557339113787569365281814291133908833864134982019667948369594084879155860478782868552690769260667892390468438614681062060288264146505561506599170386502642489195947423896657664694
47793319222301078218394862520695366819032294691434263871146105863464480831290335071550964505283531190373412667164541530080700275304363606893701175538556748767598134716325696035588455229317087802475107
69749006002565970250141185036013109229922198807824130268764497907031045274284168692618797156866761887325943581561742813740346113311264770220686771174749773617968287884909989878916382472033749777455168
08616495570527247894283970751353134995665717463342762281256303627236805376234568757977002954448162062511336884859768490806340188585756080688076144015095842080938433233202321145748360854054248001536178
32145513906506269811494729200995409953263035761862903597518737579684930433921307520179843846795655278412036167131160275551350017646408801729634761788463598722588148159423308874962910462564714748565629
98996837586880605244581099845267056862510318671307076377273009927713986127004356054693533935047728037651371008604093648952468130066941208500382711278165501317635249361311350741970906476809765281338581
83801332231497177194068074679499890143367628536377973090450521400415063726779526225527882834976149845239007989803587285788398002196939831749942422240738877699800693708093009451698661668527420781253163
68352098976882497783180003734382349548565146307295614814189748172158904740391222703186727911730145938622671993475704608399662698284266454563102603263292250619559998533111722902458779196389237446410753
82521746245259312115681245464994367643488005947178848162821430969633173194700447441280662718024909417738309365309447606109921531572465207353885051914546438791840108820886386183287651227296582512616614
45518340319953126001049165543618361117451366878490824952606999945069824972751720704190372161166884766373568630922353580829135935534383640725930495744048981696159588974148852891497092880149776955962378
15556560440380301990681130775679424093057287437726796921108767802221527467121893774387519507580712087935768077546096968848799780208103692499445064973777758646886998467628565091781078963750538348296958
83733662672361110635229621582362637116473821265220842936204633998830479074390824929314054618929012251179718712226367984366188389507934815809141779767126954882964657350031965365253085683281479864711817
93366138670548570316004874982351619423412566516867469176567714075130481859502388056183832723143956124401372702529147740934248554268820058440895831527610056112750553570517808583635516542375542897365548
22817845420707340098418513488863276972634615549571534395635732051848022785451308682113806479896992794184629081849253563302403092283622086104399236714246616915366748158789410563154881442163611206013911
05302135603418139987002164295505255461051592325415225431870453178747062113576219731396406761270266962376723544440879639225343471068507390666220209493515150617735707538714547689728082817890785466419281
93781599001029199218063647961990560630730132063006812399295484630925919124353853454816735295881075686791126623060641247988576695355944068840168253397297164924751266794770897632181012828432009236027694
67536079910038424745849309577433419216107121163867363293362208569402325257396872800149797119986056580006965564946980051764782589137450056704109719924212880231276912137929431523437058259572891414827549
58485819101815302140267305803290268742862963605930958618290732778562760077537122127900941216483241637754618520754667771895733079265930691445632198088197863462508023184440003233333172058597057871489835
95629974515238945915606520438999672581032758754365047691855946805283487654639087783773870565377895235123508736406095383331078070515327680453215015663128247345526059839876317811377801736680332059132231
88257662561670136940482985527045962621887166170066226434189813501786884702439457279832543424976076654236470335075178643107597304981314253218937455511042791643032485800443467222975079270636169309802166
41415754426419337898404604727302655143705447592282242814588231626430730277148486601012762587679415688907821669341662830219976147605617399467313672975916006830792454203341392861078689412297297734155611
84322143841847180354241512389499021237732046856083408681019178073418192316113912384342445382389843764915759040490144381139399574842255940857116121881997048917514759354551284127407518414426287675702169
40891085073359494876674621865459730830457984846233010474660126211507562553139782186355011046887039715162476476804639232568347140211839099856646101247703537264597692814929585318642332688614285964246838
70635832457704582844805549927505790373738400070285867413336108877826199161289219915859214044821804435643782615726314457851253535108964233626198041406183429704416402858112953858910841183273917579054098
28358050168571524285550240910814940767773742995533000244537748234400107773964639959985639303428888908898286850865983548699133922934033853460649457901882796080485888386942918853746024314944104614442039
45025783343806967510676723365970474162406007615676656548076584723242402304295774659203203081656092242695036703280101743253311130356835550131659682956571035148404089835868125103321190395012852472455963
97760795127032002320045761532161039130643558778101227994069276501414471938725847189870477416266307067362156630560657616557293055072700115991247204086643663980787157188889105125545339797206274902632620
75228794349646718872741869187514356125780746347427611019957708356278768933597551214536431323479098094980469314457821666798335257266854892923580382658240275991637244923147797745020045282804189033428952
82352004234909749980802136537077312734159549644534534760515423176549056921197542926612896338677421348042351028230093572138115069114118365789532734201536568264195509567236109474895160817833273925001824
44650398561391769213965425435601266228296425791945231973739209427271290955454640184483859799853782904991466120159799394263369849351763819543770871721369916092127213506472942931123261372173388229881648
14335866090824545491475793702393748544165459825594634423793134620674211958832301895237529042726794415512397537936679344448630319953624875548233190254691484717824186765330355785912471549132914552440973
13170941065092494935280724436187694890016536897480910903648286948639632506305246259579836854660443338601433158795642645242811855418498733140122608983629100218959018093607611892782275107428235337368620
38379218332005281663946519117513540681416837657713337900113084330301662578435109432452685083628970067434277089943100578298552562668311958658762093242261138395571504612679466995412648954705482634225604
67048992110721288433451095442480304103317581621784231550096436476888441311685774399444663418277088944095255942571437094557674374368797334828187440251826583141679678401004912886123208178604784951711911
52591372516717494443384092123258509856029890652208758259681908979854679668846086053890958260170077645523607237032544539568775775759231793636330704157325192891367200591954789979396328839330478110399406
87677462327528021345239432357315285921456120942079822767112866684108443257371790672060881269828450224741478758035242542860873810862237306273097723197375454938114437397137756620969817574088801267116121
81667896686872524422636227580990177866746324508162545180138120257145912566146954318126151196131145838005729536077082997208841075750881553628245055266189095192989967234797621328964775694115325534467957
81995306963812873149504868639207319049855469668195045621796619660597474130298137631326697470336407367780022055830184743693628589215915030435919157644115479328451164987923416531516927474329386792183195
46901426507773639822809853884838420764634313977881262469757350115383867420817597834270147872105664140802885854748167482361692158774074483080654693431689769106175595243743700279514893789809519098512088
55169854104254062069472359402287993991523048654072019267327567369878923447204914335374206963811718832177029532965612235941434527500730442615801485810325680232005278242403105566059081779794216743569831
34299871562699309461628073873187628735983342472328600407006527409272963217467891661823843425167315703055811702860973459711558289771388080350538645180272427457544874792729984760598716150095760459829313
20399994882065766943569070283327556556156374952746292222240702478325142790107571202644861953310345059340571230350536222339661627123279527840897170794247106280022540494171380099180504546385307753925454
59271392290467842997984746190657706937379545249631331025636812792505335219933029352556039710181361097538643245103558174065276402711486470094726071101527245807088349916117809436648910636347167101014837
51847125704021594965657889938405702534027521880478053932057099690845468332512582607991316027286282929964218486646667798520240988373279712772347925694648784992032371464831067779250924915404809257593977
38507522023494540809003671722595576420822171847828938317689851428272256493890574377320289266529366783354955903360314342480135281050587272784020252606074309827922170890298792929100919549441135574876805
89618820141237823257722470250401362176381524429746639988125267393702342416178064838926958474125717173414041168553367162902546218025388813121176435141661837668463193094518848711227305609475413734354927
80187219784741855521871314053443561402693297374046243306902256624987266595444858695145737174058457195844589086065591264003401366285981431531347018144766006353993693958224350251087753376211721212527351
78691313300846708035547884079589668999220326926929696376984852711602737989593308567115705380862944117837008348196927617158156340073768789713854448229936961527525113981882367903727940537999661392693791
05794754223650149238961008955167859254898155289114922323148857634571160197716857369593007192877447655684456063999061373184581545402971338154645662791201789835676885138275639417606739807902461279782721
29533601998288479493308015055379425907016054093962494297093520684176978595295581050671470745913523332312931402707776834008711386619850245406878767360782865993577772908560347315361569045556135803293269
21515868473085641224782736860772823501548176632757345710326313795275321338202499354027061612114833595721763134169772670061474060319103280593929118306302661377321231771921443677407059415844799832210304
65023797960476824492682924020396018319227294997358716018633864587538563282991636420241014593963747715053443728682607938589808492363890355837896178861812702761999490526231910727623706108374675834809622
72399887037308382050908559547887016117122852603028120177023821545386290577957260294503217610784432161110106854093643976737927391807130240057477741230925810659951664601808865531885199671658543801382692
47914434405392120808356571617551465818470019444426452131292249506007044067201674211444793119189799696222043302725990361904832001183725049581753462401513196418736208923091188535977258569121904746849148
46943212187682586917975635048452048360878769139720747400905740176922909095118083077917907693800405615837548668966857570451942204797471147904812490367502728149510457573586167329385258740556627674543992
52046331394891518077363209640885089835086695946745691013189167888971672251945739201322932860669476745980086559781833228716794832628146344922110215858621320705179903840454665698473458500782211312718753
