6411706952503644684264530555464005197904455721480006452507065668207918655157298298136588205093813727
7843192480899157655180176181828833144385494509475983210820122005532990631102241951492496610113886095
3604928189140554250063196274482744437277403679114320659498946313778605667925838272458309313047334126
9826953802274754254889826371617712617917337022459037031880962943306297951853290125040128445651181802
7178224446884824265602253556578398312778656040667327565010678529552759615239595259105616995967015290
1536967474823058887774844859061434032091486803881560266654770014649840108988279545883460830153717813
8349447936483269959989063972798844788672542060975176092591080864255224678077174881603082282461106648
0179156442544367441825206305155283310166332768623927558300827665197305938136111613460411623481910842
3353602723638219642265668878610047528702285108262401197975756973635627855585303864975664359067542014
0115793218272169043315572026352564255509428865069313890214861110745215150066764817126448854286252793
5315593257284403871827025297201734403740678231538832666185127413853140329352427410896427139971258785
7396740397828616133473366746541483159388180151787124680454009479704634763770178802260406128265135721
3976878966761141869980355603546835722538416540626835862544099684258602763319402285964338848908543415
6821150754250316756714614187595399624922347571168839492930801560425117551220547542402997109355528031
9882213072514218337457902722974972125622895539564339249414733321753327728394250605720861254608984438
1001305778573293177553354238686998348845894245773440085421419228055169840586065520540184247360497923
8200707862314956263620910328243265366244697385901265586518564183639453942673185434282853919520803751
2657240625279653719648180284937492148322060237508484512531156818224076374599259319763226533126960377
1256745117438491630193432692980307193835570431515724397558767999629014561727808573902859755647519610
0894711531114238317265802531264263634910141586637353856211638076340933947225981836244065120147893019
3250577678617053038480529525554879047024097992206264438492947555479392021712264080634493709656196355
7570412677679223938830488804152001064233111165459552513595020422728273585891468315786258770715197236
5850763323858557015787722832260865034488966041744435307810238234048488275899265828361064289003507565
3148169346475758012211514043720037153207946641444887931635129233960282979833199877591676389302810838
2581336635423014800291715535584754907770313636227468639184935320711490743007841587342380975427511872
0463680523002674154041769472244412770044374633068762830997134775954151500263599687863982896493980605
9789964755352127220338723934751629546911447871625858841134501983837440804792074551555861443532917884
9645537503274722615058602732516690246116556138511016198562745307643265810645706820739598962524489707
4005742669491140938822567946765185879336487511527639887503399809317560300054126009990660929021084930
1804078326428330222341684661713896293237170925167301660048330711361886695607316146404630563554880171
7324134640716212862555001194285039662029000843040405925336764489345858750764260230923576362000967542
5375251421954897593958980847509059776018425817566073081375047252349953097778647266675904728465990017
5363053912179964160818274394421959476867006113521522672003665962821400332145400872259452938426809069
0124379999782043615654270109181303952843022448709566996128336488973278572916718965576100935873692031
0014040758635423533768563157309500904102085520183471529856616787787397516390300867911929580278148890
8516006529396428549349719870670643466318269824888715888066045031577120248350738831311119936439718421
6654027765719020462598257967608276998666367482720909726414175224033811747496860850842686115659052563
6504912072845887585611490645128978391798274784634218557731246353394583503271666389154029175900531900
5628821687988234273648548202202764546836724577917271256276416885559332027476487107242071633523079104
6075763350477821915748481652887686374609669653766430281646044925754215301268754308648724331023709142
8722080965385923859300344265407480600796244739236176400859599237429599333029942571332537488433375326
4897818773474708447927353850197576550547804595541335283568607355122189189759413566186444204152664104
0159808311079167702126378155251286477220628766558770529434182220169811896864439208460326856078007288
3991755497615198614462660987177686074715408238011660846036063733633224776511313791795591199792077392
0698302937648335848968852942434615547752616461167263240454629280735422684440787525041189771799795439
7283645444161105494287176083723463947484910031572110849758022580874813226259509942929114148596585968
4811262083946975201541047744602305443842246855596842966852212664201597911818589363671456790156899970
6630640240725597065957204025195058244280252013739444266898327845869299234637922898237018960665143284
1208857982790127135018975218715035830820099221036769776299380095578572873705121919996737786787554334
6119037378397405152860847324858661687324373235741157453105782758139881210833327634579119600985918098
3193146766312114223045120330340789295963727958372996431766911009130729293908747936879967769881994268
1174002841977969858819691805094303703109226115222103084364985515006438370212934164692221839483995751
6086498354618403634785170288059859601756129062557925632772597473545610442461616328893360732591045538
5750111937457362844576068235766331572687533481666033962787463018367646399837015818124593261762600384
9350487692423557362543337159633880828889224501539704357282457935038838061633788888236154599294010013
8199734632511949123833349359373104309763236331465748073020157470920896112865103809607129247106198309
2334311644443162494851077395794929561625099505066453571400991503551816335417113858327460679942317691
4261878004854392052643697107908646734834232661089473832563275239914599132391729666941429969412305056
9892215936795868208387791399365255698101072550300339230460398035706536833381343678701767918012792465
0516099332130832811920934748115386186031276579952054260634467027637443880437625852578564122124810876
1743200047019598074496543353149425767084985946963303159414740892680308707593109532047910585796054005
1058561662314574484191987154371478424792245802261982292007654722566147582064210500749961829591967573
5217401713434473347466987846540063933204667007561407015912666894387737394316082132055856033614044837
7983410422757722779724330604454342986948335237507689215277632099589194127670343001242762447876744773
3882455798019453337995781728691971336037838995520212700175936246409202097006650881072309095649489402
8218314995978260772789520222854677400119838655922310285207682072732846929894308531751494264681085581
1742558856589550966341254239711087242029809754042607924447548846572997887774370860752119873857616928
8165031631412164485278028856784510236399750988528165180975665026160921897005070906625614490904831825
1268466456564409235636850681628764622488046406629114799059311289661900926578150263762669690931109210
4020718861254919898601742861393798069866101804703585859247676967765773584686256534019245924811519106
4578354532266498655872695324621170125898216176963641822374046175309008131748554910024472878605337248
2713451228158375777767574821089252729841857706295182031413532779941125212102043571976017460857753966
6099413457140317346927786750838439370737671804558250148933116162011287166256823640975798320148369790
4060518561222109019331779061951377541309741173274130309425522650636988872989529942992934616994159967
8650852381445457503312216587574331517967013778440072205073720356539426357624690697019517909137780922
5794320110007037864965092002927606058091091716692288818038542204002121222613285505306319385605225437
7619435632157766077453278496155837872535772448067824141113720303200453122396493195622943417667908965
5987596981008820085622302212477177026637937841062624054405845654556449134030346529146696370857235071
1048288545366402011693461998189385105989615456987048307616435585198606677134924940903664339087796567
1260517741602505271703980809468706857743804284923113424604562342949714216644338669221692260404810901
5332198427116330144314931941875400619663396220436887270567964406689757206948983561510766673015894061
7934884968651182960543871877830643223812807017223207805902897872116790980801526866868558959636077749
7399390838896864335294121190051980839112124800445984419530756976970103525906942742184059346933753783
1356374448101507776012178921624952809475305655352176393307489986367206056534361798337869538446374216
8126752243932581371109547031247061959173588957216528492305621657742851322237188932702132606761757145
3975134415349061105922985653718217942693140256488180590178669690305666190327286296357584340501754430
0723040448734203787340063727278442778812887328808655651925963717904788198841823788265587376669579260
0798539452342727227793354143303572357593949413156035583997320877332003517658094619377867811829574096
3591351367176564553384105971177447774932849516173421062651760724604017293365174436644029317482044467
3089454740208063284594906062639257194779919735255706108925300445177846959032557247059963614650398274
8607631308756727611227007697882944829079846619602726456315193509993810914608768132797448170722833236
4381189069391001641823766501958406516432563895959153620482677618481027495984670505198338717471419832
5930817417214524064772373882646330343204948690298788925405689513769099504585517485299951439682951082
9545033562149559600132746819891946761227453338490525919591792819605929665110169132723895166479359851
0395517896020946953149519080052093764445367573179683856756952361739303932689026184661456052280575415
0002893010316988356600810686013234425046087897853515518877608124596092810890705078849649509621090621
8021043848038897748247881881605727831337330140036952661761133805500735661797990787973060395675437422
2803790880599563725140717164888078547537706654139643634573151970945690680248761847130787004213217998
1564032995732864574670084413414760163554020428985564585126587986194770194149059707275797548556167534
7764003272099466355893361459285971383800209348973585011286327014474775007132951529023163015928565055
5752106250771724109324263720995692105720920194724758174678988657969433635867431907746405294089995030
4151210652759795123337616503653299312497675766470704487240527166299459438124773065634350532360909147
2020156129306930212846326228385599724558689372523829451175934605507055043973445747992221836219769686
1107090467404318539586797686584897506762423074850008880568316728470378731048743946924992926828667694
4787948883959993098034052849656024040840145155656479077251416041667641657482158717825562626522608382
6594108258186921795533065863177029659476386199460923341030467361246395143854791905259462609357402053
7770546457354714178799267661824513767424359822461250287965059620928860217390658783001910415699881789
9017529187162186096621412314293116089909837165784346619840481012620732647353841478059155103224688962
3481034076564735980003529338212650955564130703293424798921952330547093418609150492091986291726770691
2320159200614908804217935827718963978910103796798310033736409396615627857126727658683159901931714276
9518856673234019168180233947135306391279514115143152397882527070829048129530264702131922396025007122
9348090487289332476772099017449375404644382246785562063985621780240907545889670136634142817987033243
9997908778926770825752851004349461371250263932934421817117564732869906132427911583784408354747926136
7590137070654330930217256302431482406323608233449590217047313651813448728744398249480387138693704340
3431375686845428835183708602964407667325132776779280772742158501567211936126893934121395701871929860
1658974969113435840563346465458613621249153598093259805474219292774098215567386623824591914056223933
9545224520464290981917963407332408920504640089077388286647592935757909563581701459589363012528093905
9542026757406186441776294209304278703598238069835223844485337967057306142148053675171711265251956806
4326567730526817649004287355163815463169411003969860410367085367023469303603191109360507227865767023
2737452773072355874101168845091466122521820365063493701507236375217461774700226788258321144901424481
5589401840628878419773677311794462604998970959012980559281572011491192989207300619666504863186226535
0551750271890676282265343789524592689907018275815241997276240891079081982700201825135964708989018937
0473185586534761847747656686535773081551416005109874531399162731069136497399809706371602728194210345
0859349178177658371211425637073280114051161848875127361025844362304709137411201713669073570908438821
9548969180115984970640848299210194982022354844563547723742665694305517042648096361235512798260910483
3897447634107352084985467379953264928894226183682280948675662100513694246854135565559548006536507888
2021005432917778216532080589678092102968159148999844262313292201733129947173962166592026367519883495
3112286378437221467957666469857488829468521266504599255821829587570618480827689039056530933801760942
7928757336367536366221223103157060037780638311949881906236843779974672638689703981273826723090019476
9697406201384557475110310322818798640480518985825356697841045914990938989798472930691577902495085178
1893783187137940438330925222511692960200213907261024219931283572961911232544382604246141382859047150
4758324807431679013315166325788155007480143532434767496228818634156115351604867465406031032997522154
6890614774339748999021939473539418409079402608497519604762345288148247110490431283365862296716742898
5095687131534801865073909753742261032965019691009506926013487824129345966057157000812443003785390234
9425475724954788323326322624178010878362759448470835667029438461548576961905775958434448504450524691
2896923698868492851667237751544023645106002074379637350055309724208020643140577651408403256348779793
0573815312065496091277618589572551032595994753374401483433583750073242043430788148586841392687685231
6350900680938436408892609506738385598856871937587588948119784745514392109592262140937048147733284736
9780292655917854093352195391259147366844335230762099208940085009957633068791889289121215234936051915
2332043045424845073419567710647073409724496873690953020791976795037120579478737942544535852623446158
3374752481555091756600443881052589056415692311598170414904122390498161842074323262403995309759820836
1304388803285780606125906927953084632414943413793308018900697925588951665138407050851864823547298215
3711849449499470234280929137342914010965826975011649833876503896418414116035759813908405358659211064
6975102951996115512882442953137856567774173786457748902399615512480170787367904998719140233704144472
4503880914805536688932838203697069348569141805485378783505065781918784898180849398366948464162555323
9259350491919398436021485933476313248400501750596318658243780331787728700895166997963709078223311296
2682777033941806725995129432848118305300615997580179883949223256196828109600378307595881726351982886
6976596187694102203939403405284803674382073683804229361621461873131581908379651293332416773150485554
9749038890105457174849921426100277270271282857766363487541271400149467597792780549887741980240364221
1729733436177064727627960444867041114678287903507489496432029043176835665376956896036699003909216090
5783359407223259051176276504724512860702654192329458275047541993479660827558980847675391245464703869
0637196098046833324692256170931017936757661446701380507414609720425291077313283323593434897979933563
6805140326869563999918800033718599033287876042343436346360631783806344033638084627273929114484766591
0165093097837332454768165121632858459978984817052421557060153650695813821204901475520449474059021804
3866360263858578039613865988902298046064370329123194670181193334338957404436351880269500811155688404
1445084555457838330152527127721188808285922625569796968690675983766714408670248310936916975473061664
0050940309611767683758423417271478462412576662420928062503440680628960329106640862688930484564726535
7777093665528128251757432168813682312878322364201379012240332692143321355793134461385631864045359883
9317020354838115966823878340233386298343928762458353662696831490011965468354521357813094780841844933
7015361004553488483185228082245946695995343701751081705534078782441152806197574894077740147927381418
8985304070864051823982109402110931661288266994076484897869091186474592540339758517008984883114953322
5768197076685883760755181044467165997994772251749946555651317235744634023549845731406992025948535900
5239790537399997881007167602803548627893644753432654371053555819873585061437892258807132608181380638
3645092096464593626346649929850134844265931580944798382274372315091640133201597967017254992345844200
2355668355244471938842107173574739495443089636821827058765024417688122641714418790595383885259217041
3364070608490905280286657886157483002272213223943984769450085025345862085427913321900065093797243821
2518937061584404771766575718769012025723002742119517364958954175377161491668179242280698683010559467
6269127229661862552365477148605452566388247553721157694519391958304934071936228543223986017324254870
3794640078831076154391715172964253818837612049877316607416622257530544427823831562122065747964740914
5663416449121465552212386246252731202148082420195417677491338512652068078431540084963632968831206423
4523956498704687512490231657272744249001873341295454407764592788402523622178507245615681052430392744
2375445163310045828081533026982211988494937151636736001323121465573532057962337923723858370638105668
1838921250393019087379007132012118900257386619717477377002405916919154084675749696345375536129930848
4469236105813158444282521464522990816538239646411031485843496895878643476353214547687381721522039096
6652107311858667049790412443641206716678855841668557798153419869452119117803269034723538091979026350
4811814095049764594598789726076777861560297263833514382255084654650708937676079520158506004779154327
1129095286717087583819508855174206307825516415175756626703410833473378849783222917879661002007346976
9808513935844635326320538196292173124517213788430183158189808037359922864134089019524565545541308490
9865929120439175730498149447139037531665600748433773509655560664539795258342385854324201959017470369
0068302819783010513493420011372489431722613216489758213324674834989171534876636611653987664270668595
9503501230861626625490682460167219669985981355138779957113329252139349040197720719626537089006441396
5927234154875491158259468801417909624240629390425443589571712424606022205136498135403360633095477109
3290648039164679152005013590892313698491538917944144855326605839118960333356260695272934694379201329
3548894054849041175761353576895169941566063189306094421708388026133299118626576108740832683605310661
7925574042340203055838735276059964711137384424742445311050857873246551281643337581235530528425749514
6349092521023250810530075936742577598960165610611886905608572722673490708469442821631223072565754213
2051412955908531975047734689894300443659341124314038703483575905161549685799341746849387736248964239
1179888359318157654303751636987296194041173900878328805960778409018733852363450202284891078110042117
6928513985380584575646786920038842793203833891241025693417510507798319612093320442224765538780681535
4168362702346580547008908602137555381753919667814834636697020795324621012991704108763344256345099681
8052963868168041617883340449043048354843879606967647101347341855603289576756574251171205051158918267
1169018582943036351535683724183219420291497010647010781273691932076396467388565286556604965288686317
1730030505004562388443642250767063066148869437765501166301389285514420228171067539947597847978749383
5153444503262101808848836787060597042414730153255249245813531701507748333668904420574075558728070766
7290851757197661946496336516292113290387296985091852695248090421943991813623122427888425444408893304
4889502854574382927473072897111821792299846206599258667866500882071490387107078904782668330338558899
8475804093199071651902462110930099771291702602779080256567782982971211381644831741986735733923130364
6929793726588676421354289632196798689062832699552689339493602273352470863144092480613552844381619086
2627772084666292856811194033210774453872438180565168407920461639106683838966914623473185443517647227
7106264379124717014457086645173805622171285656557905825780219709363790018695242252966437478378427716
