10 127 85
12 130 96
14 171 93
16 183 119
18 200 110
20 139 99
22 188 86
24 216 118
26 267 143
28 281 167
30 351 191
32 335 179
34 330 192
36 383 201
38 445 231
40 377 187
42 385 199
44 386 192
46 461 235
48 446 258
50 528 278
52 465 253
54 517 273
56 508 308
58 666 372
60 602 324
62 617 329
64 621 277
66 702 394
68 722 362
70 650 346
72 724 380
74 740 396
76 753 431
78 771 403
80 797 425
82 937 477
84 860 440
86 801 471
88 863 479
90 909 523
92 917 521
94 967 519
96 899 501
98 967 515
100 1002 530
