10 127 83
12 125 89
14 156 74
16 175 105
18 149 119
20 227 105
22 200 128
24 323 165
26 228 120
28 269 157
30 333 169
32 290 144
34 306 176
36 329 163
38 341 213
40 368 236
42 403 239
44 479 267
46 450 230
48 506 276
50 517 299
52 526 306
54 523 253
56 496 274
58 584 312
60 545 309
62 601 301
64 704 372
66 625 309
68 683 389
70 677 363
72 775 407
74 674 350
76 840 432
78 811 443
80 807 413
82 879 419
84 933 489
86 838 462
88 866 462
90 856 446
92 1024 508
94 1023 555
96 932 496
98 914 498
100 976 522
