10 99 90
12 105 63
14 137 115
16 204 126
18 186 149
20 218 156
22 253 173
24 285 202
26 278 208
28 320 251
30 220 219
32 331 281
34 352 281
36 321 241
38 371 296
40 393 327
42 448 323
44 395 336
46 465 396
48 541 384
50 478 391
52 577 374
54 595 452
56 530 430
58 558 456
60 538 452
62 611 535
64 661 515
66 657 532
68 731 567
70 680 567
72 731 594
74 835 624
76 773 664
78 750 685
80 872 700
82 794 653
84 842 732
86 777 723
88 937 802
90 909 818
92 953 790
94 962 836
96 947 852
98 915 794
100 994 914
